-1200000.00000
-1198000.00000
-1196000.00000
-1194000.00000
-1192000.00000
-1190000.00000
-1188000.00000
-1186000.00000
-1184000.00000
-1182000.00000
-1180000.00000
-1178000.00000
-1176000.00000
-1174000.00000
-1172000.00000
-1170000.00000
-1168000.00000
-1166000.00000
-1164000.00000
-1162000.00000
-1160000.00000
-1158000.00000
-1156000.00000
-1154000.00000
-1152000.00000
-1150000.00000
-1148000.00000
-1146000.00000
-1144000.00000
-1142000.00000
-1140000.00000
-1138000.00000
-1136000.00000
-1134000.00000
-1132000.00000
-1130000.00000
-1128000.00000
-1126000.00000
-1124000.00000
-1122000.00000
-1120000.00000
-1118000.00000
-1116000.00000
-1114000.00000
-1112000.00000
-1110000.00000
-1108000.00000
-1106000.00000
-1104000.00000
-1102000.00000
-1100000.00000
-1098000.00000
-1096000.00000
-1094000.00000
-1092000.00000
-1090000.00000
-1088000.00000
-1086000.00000
-1084000.00000
-1082000.00000
-1080000.00000
-1078000.00000
-1076000.00000
-1074000.00000
-1072000.00000
-1070000.00000
-1068000.00000
-1066000.00000
-1064000.00000
-1062000.00000
-1060000.00000
-1058000.00000
-1056000.00000
-1054000.00000
-1052000.00000
-1050000.00000
-1048000.00000
-1046000.00000
-1044000.00000
-1042000.00000
-1040000.00000
-1038000.00000
-1036000.00000
-1034000.00000
-1032000.00000
-1030000.00000
-1028000.00000
-1026000.00000
-1024000.00000
-1022000.00000
-1020000.00000
-1018000.00000
-1016000.00000
-1014000.00000
-1012000.00000
-1010000.00000
-1008000.00000
-1006000.00000
-1004000.00000
-1002000.00000
-1000000.00000
-998000.00000
-996000.00000
-994000.00000
-992000.00000
-990000.00000
-988000.00000
-986000.00000
-984000.00000
-982000.00000
-980000.00000
-978000.00000
-976000.00000
-974000.00000
-972000.00000
-970000.00000
-968000.00000
-966000.00000
-964000.00000
-962000.00000
-960000.00000
-958000.00000
-956000.00000
-954000.00000
-952000.00000
-950000.00000
-948000.00000
-946000.00000
-944000.00000
-942000.00000
-940000.00000
-938000.00000
-936000.00000
-934000.00000
-932000.00000
-930000.00000
-928000.00000
-926000.00000
-924000.00000
-922000.00000
-920000.00000
-918000.00000
-916000.00000
-914000.00000
-912000.00000
-910000.00000
-908000.00000
-906000.00000
-904000.00000
-902000.00000
-900000.00000
-898000.00000
-896000.00000
-894000.00000
-892000.00000
-890000.00000
-888000.00000
-886000.00000
-884000.00000
-882000.00000
-880000.00000
-878000.00000
-876000.00000
-874000.00000
-872000.00000
-870000.00000
-868000.00000
-866000.00000
-864000.00000
-862000.00000
-860000.00000
-858000.00000
-856000.00000
-854000.00000
-852000.00000
-850000.00000
-848000.00000
-846000.00000
-844000.00000
-842000.00000
-840000.00000
-838000.00000
-836000.00000
-834000.00000
-832000.00000
-830000.00000
-828000.00000
-826000.00000
-824000.00000
-822000.00000
-820000.00000
-818000.00000
-816000.00000
-814000.00000
-812000.00000
-810000.00000
-808000.00000
-806000.00000
-804000.00000
-802000.00000
-800000.00000
-798000.00000
-796000.00000
-794000.00000
-792000.00000
-790000.00000
-788000.00000
-786000.00000
-784000.00000
-782000.00000
-780000.00000
-778000.00000
-776000.00000
-774000.00000
-772000.00000
-770000.00000
-768000.00000
-766000.00000
-764000.00000
-762000.00000
-760000.00000
-758000.00000
-756000.00000
-754000.00000
-752000.00000
-750000.00000
-748000.00000
-746000.00000
-744000.00000
-742000.00000
-740000.00000
-738000.00000
-736000.00000
-734000.00000
-732000.00000
-730000.00000
-728000.00000
-726000.00000
-724000.00000
-722000.00000
-720000.00000
-718000.00000
-716000.00000
-714000.00000
-712000.00000
-710000.00000
-708000.00000
-706000.00000
-704000.00000
-702000.00000
-700000.00000
-698000.00000
-696000.00000
-694000.00000
-692000.00000
-690000.00000
-688000.00000
-686000.00000
-684000.00000
-682000.00000
-680000.00000
-678000.00000
-676000.00000
-674000.00000
-672000.00000
-670000.00000
-668000.00000
-666000.00000
-664000.00000
-662000.00000
-660000.00000
-658000.00000
-656000.00000
-654000.00000
-652000.00000
-650000.00000
-648000.00000
-646000.00000
-644000.00000
-642000.00000
-640000.00000
-638000.00000
-636000.00000
-634000.00000
-632000.00000
-630000.00000
-628000.00000
-626000.00000
-624000.00000
-622000.00000
-620000.00000
-618000.00000
-616000.00000
-614000.00000
-612000.00000
-610000.00000
-608000.00000
-606000.00000
-604000.00000
-602000.00000
-600000.00000
-598000.00000
-596000.00000
-594000.00000
-592000.00000
-590000.00000
-588000.00000
-586000.00000
-584000.00000
-582000.00000
-580000.00000
-578000.00000
-576000.00000
-574000.00000
-572000.00000
-570000.00000
-568000.00000
-566000.00000
-564000.00000
-562000.00000
-560000.00000
-558000.00000
-556000.00000
-554000.00000
-552000.00000
-550000.00000
-548000.00000
-546000.00000
-544000.00000
-542000.00000
-540000.00000
-538000.00000
-536000.00000
-534000.00000
-532000.00000
-530000.00000
-528000.00000
-526000.00000
-524000.00000
-522000.00000
-520000.00000
-518000.00000
-516000.00000
-514000.00000
-512000.00000
-510000.00000
-508000.00000
-506000.00000
-504000.00000
-502000.00000
-500000.00000
-498000.00000
-496000.00000
-494000.00000
-492000.00000
-490000.00000
-488000.00000
-486000.00000
-484000.00000
-482000.00000
-480000.00000
-478000.00000
-476000.00000
-474000.00000
-472000.00000
-470000.00000
-468000.00000
-466000.00000
-464000.00000
-462000.00000
-460000.00000
-458000.00000
-456000.00000
-454000.00000
-452000.00000
-450000.00000
-448000.00000
-446000.00000
-444000.00000
-442000.00000
-440000.00000
-438000.00000
-436000.00000
-434000.00000
-432000.00000
-430000.00000
-428000.00000
-426000.00000
-424000.00000
-422000.00000
-420000.00000
-418000.00000
-416000.00000
-414000.00000
-412000.00000
-410000.00000
-408000.00000
-406000.00000
-404000.00000
-402000.00000
-400000.00000
-398000.00000
-396000.00000
-394000.00000
-392000.00000
-390000.00000
-388000.00000
-386000.00000
-384000.00000
-382000.00000
-380000.00000
-378000.00000
-376000.00000
-374000.00000
-372000.00000
-370000.00000
-368000.00000
-366000.00000
-364000.00000
-362000.00000
-360000.00000
-358000.00000
-356000.00000
-354000.00000
-352000.00000
-350000.00000
-348000.00000
-346000.00000
-344000.00000
-342000.00000
-340000.00000
-338000.00000
-336000.00000
-334000.00000
-332000.00000
-330000.00000
-328000.00000
-326000.00000
-324000.00000
-322000.00000
-320000.00000
-318000.00000
-316000.00000
-314000.00000
-312000.00000
-310000.00000
-308000.00000
-306000.00000
-304000.00000
-302000.00000
-300000.00000
-298000.00000
-296000.00000
-294000.00000
-292000.00000
-290000.00000
-288000.00000
-286000.00000
-284000.00000
-282000.00000
-280000.00000
-278000.00000
-276000.00000
-274000.00000
-272000.00000
-270000.00000
-268000.00000
-266000.00000
-264000.00000
-262000.00000
-260000.00000
-258000.00000
-256000.00000
-254000.00000
-252000.00000
-250000.00000
-248000.00000
-246000.00000
-244000.00000
-242000.00000
-240000.00000
-238000.00000
-236000.00000
-234000.00000
-232000.00000
-230000.00000
-228000.00000
-226000.00000
-224000.00000
-222000.00000
-220000.00000
-218000.00000
-216000.00000
-214000.00000
-212000.00000
-210000.00000
-208000.00000
-206000.00000
-204000.00000
-202000.00000
-200000.00000
-198000.00000
-196000.00000
-194000.00000
-192000.00000
-190000.00000
-188000.00000
-186000.00000
-184000.00000
-182000.00000
-180000.00000
-178000.00000
-176000.00000
-174000.00000
-172000.00000
-170000.00000
-168000.00000
-166000.00000
-164000.00000
-162000.00000
-160000.00000
-158000.00000
-156000.00000
-154000.00000
-152000.00000
-150000.00000
-148000.00000
-146000.00000
-144000.00000
-142000.00000
-140000.00000
-138000.00000
-136000.00000
-134000.00000
-132000.00000
-130000.00000
-128000.00000
-126000.00000
-124000.00000
-122000.00000
-120000.00000
-118000.00000
-116000.00000
-114000.00000
-112000.00000
-110000.00000
-108000.00000
-106000.00000
-104000.00000
-102000.00000
-100000.00000
-98000.00000
-96000.00000
-94000.00000
-92000.00000
-90000.00000
-88000.00000
-86000.00000
-84000.00000
-82000.00000
-80000.00000
-78000.00000
-76000.00000
-74000.00000
-72000.00000
-70000.00000
-68000.00000
-66000.00000
-64000.00000
-62000.00000
-60000.00000
-58000.00000
-56000.00000
-54000.00000
-52000.00000
-50000.00000
-48000.00000
-46000.00000
-44000.00000
-42000.00000
-40000.00000
-38000.00000
-36000.00000
-34000.00000
-32000.00000
-30000.00000
-28000.00000
-26000.00000
-24000.00000
-22000.00000
-20000.00000
-18000.00000
-16000.00000
-14000.00000
-12000.00000
-10000.00000
-8000.00000
-6000.00000
-4000.00000
-2000.00000
-0.00000
